WorldPosition:
  Y: 10.636780738830566
  X: -66.80853271484375
  Z: 125.93241882324219
WorldOrientation:
  Y: 0
  X: 0
  Z: 0
CFrame:
  Orientation:
    R11: 1
    R01: 0
    R21: 0
    R22: 1
    R20: 0
    R00: 1
    R10: 0
    R02: 0
    R12: 0
  Position:
    Y: -0.9188517332077026
    X: 0.016001075506210327
    Z: 0.1897491067647934
WorldSecondaryAxis:
  Y: 1
  X: 0
  Z: 0
SecondaryAxis:
  Y: 1
  X: 0
  Z: 0
WorldCFrame:
  Orientation:
    R11: 1
    R01: 0
    R21: 0
    R22: 1
    R20: 0
    R00: 1
    R10: 0
    R02: 0
    R12: 0
  Position:
    Y: 10.636780738830566
    X: -66.80853271484375
    Z: 125.93241882324219
Archivable: true
Capabilities: ''
Sandboxed: false
ClassName: Attachment
Visible: false
Name: LeftAnkleRigAttachment
WorldAxis:
  Y: 0
  X: 1
  Z: 0
Orientation:
  Y: 0
  X: 0
  Z: 0
Position:
  Y: -0.9188517332077026
  X: 0.016001075506210327
  Z: 0.1897491067647934
Parent: LeftLowerLeg
Axis:
  Y: 0
  X: 1
  Z: 0
