Archivable: true
Axis:
    X: 1
    "Y": 0
    Z: 0
CFrame:
    Orientation:
        R00: 1
        R01: 0
        R02: 0
        R10: 0
        R11: 1
        R12: 0
        R20: 0
        R21: 0
        R22: 1
    Position:
        X: 0.03356999158859253
        "Y": -0.9188512563705444
        Z: 0.189753457903862
Capabilities: ""
ClassName: Attachment
Name: RightAnkleRigAttachment
Orientation:
    X: 0
    "Y": 0
    Z: 0
Parent: RightLowerLeg
Position:
    X: 0.03356999158859253
    "Y": -0.9188512563705444
    Z: 0.189753457903862
Sandboxed: false
SecondaryAxis:
    X: 0
    "Y": 1
    Z: 0
Visible: false
WorldAxis:
    X: 1
    "Y": 0
    Z: 0
WorldCFrame:
    Orientation:
        R00: 1
        R01: 0
        R02: 0
        R10: 0
        R11: 1
        R12: 0
        R20: 0
        R21: 0
        R22: 1
    Position:
        X: -65.84467315673828
        "Y": 10.636780738830566
        Z: 125.93241882324219
WorldOrientation:
    X: 0
    "Y": 0
    Z: 0
WorldPosition:
    X: -65.84467315673828
    "Y": 10.636780738830566
    Z: 125.93241882324219
WorldSecondaryAxis:
    X: 0
    "Y": 1
    Z: 0
