Archivable: true
Axis:
    X: 1
    "Y": 0.0002913466014433652
    Z: -6.529141046485165e-06
CFrame:
    Orientation:
        R00: 1
        R01: -0.0002886552538257092
        R02: 4.004538641311228e-05
        R10: 0.0002913466014433652
        R11: 0.993343710899353
        R12: -0.11518824845552444
        R20: -6.529141046485165e-06
        R21: 0.11518824845552444
        R22: 0.9933437705039978
    Position:
        X: -5.888507439522073e-05
        "Y": 0.1364476978778839
        Z: -0.3889010548591614
Capabilities: ""
ClassName: Attachment
Name: WaistFrontAttachment
Orientation:
    X: 6.614482879638672
    "Y": 0.002309806179255247
    Z: 0.016804788261651993
Parent: LowerTorso
Position:
    X: -5.888507439522073e-05
    "Y": 0.1364476978778839
    Z: -0.3889010548591614
Sandboxed: false
SecondaryAxis:
    X: -0.0002886552538257092
    "Y": 0.993343710899353
    Z: 0.11518824845552444
Visible: false
WorldAxis:
    X: 1
    "Y": 0.0002913466014433652
    Z: -6.529141046485165e-06
WorldCFrame:
    Orientation:
        R00: 1
        R01: -0.0002886552538257092
        R02: 4.004538641311228e-05
        R10: 0.0002913466014433652
        R11: 0.993343710899353
        R12: -0.11518824845552444
        R20: -6.529141046485165e-06
        R21: 0.11518824845552444
        R22: 0.9933437705039978
    Position:
        X: -66.35144805908203
        "Y": 13.769720077514648
        Z: 125.468505859375
WorldOrientation:
    X: 6.614482879638672
    "Y": 0.002309806179255247
    Z: 0.016804788261651993
WorldPosition:
    X: -66.35144805908203
    "Y": 13.769720077514648
    Z: 125.468505859375
WorldSecondaryAxis:
    X: -0.0002886552538257092
    "Y": 0.993343710899353
    Z: 0.11518824845552444
