Archivable: true
Axis:
    X: 1
    "Y": 0
    Z: 0
CFrame:
    Orientation:
        R00: 1
        R01: 0
        R02: 0
        R10: 0
        R11: 1
        R12: 0
        R20: 0
        R21: 0
        R22: 1
    Position:
        X: 0.013642638921737671
        "Y": 0.007714509963989258
        Z: 0.25948357582092285
Capabilities: ""
ClassName: Attachment
Name: LeftAnkleRigAttachment
Orientation:
    X: 0
    "Y": 0
    Z: 0
Parent: LeftFoot
Position:
    X: 0.013642638921737671
    "Y": 0.007714509963989258
    Z: 0.25948357582092285
Sandboxed: false
SecondaryAxis:
    X: 0
    "Y": 1
    Z: 0
Visible: false
WorldAxis:
    X: 1
    "Y": 0
    Z: 0
WorldCFrame:
    Orientation:
        R00: 1
        R01: 0
        R02: 0
        R10: 0
        R11: 1
        R12: 0
        R20: 0
        R21: 0
        R22: 1
    Position:
        X: -66.80853271484375
        "Y": 10.636780738830566
        Z: 125.93241882324219
WorldOrientation:
    X: 0
    "Y": 0
    Z: 0
WorldPosition:
    X: -66.80853271484375
    "Y": 10.636780738830566
    Z: 125.93241882324219
WorldSecondaryAxis:
    X: 0
    "Y": 1
    Z: 0
