WorldPosition:
  Y: 14.49220085144043
  X: -66.35138702392578
  Z: 125.92645263671875
WorldOrientation:
  Y: 0
  X: 0
  Z: 0
CFrame:
  Orientation:
    R11: 1
    R01: 0
    R21: 0
    R22: 1
    R20: 0
    R00: 1
    R10: 0
    R02: 0
    R12: 0
  Position:
    Y: 0.858928382396698
    X: -9.597753205525805e-07
    Z: 0.06904780864715576
WorldSecondaryAxis:
  Y: 1
  X: 0
  Z: 0
SecondaryAxis:
  Y: 1
  X: 0
  Z: 0
WorldCFrame:
  Orientation:
    R11: 1
    R01: 0
    R21: 0
    R22: 1
    R20: 0
    R00: 1
    R10: 0
    R02: 0
    R12: 0
  Position:
    Y: 14.49220085144043
    X: -66.35138702392578
    Z: 125.92645263671875
Archivable: true
Capabilities: ''
Sandboxed: false
ClassName: Attachment
Visible: false
Name: WaistRigAttachment
WorldAxis:
  Y: 0
  X: 1
  Z: 0
Orientation:
  Y: 0
  X: 0
  Z: 0
Position:
  Y: 0.858928382396698
  X: -9.597753205525805e-07
  Z: 0.06904780864715576
Parent: LowerTorso
Axis:
  Y: 0
  X: 1
  Z: 0
