WorldPosition:
  Y: 13.851227760314941
  X: -64.73182678222656
  Z: 125.41370391845703
WorldOrientation:
  Y: 0
  X: 0
  Z: 0
CFrame:
  Orientation:
    R11: 1
    R01: 0
    R21: 0
    R22: 1
    R20: 0
    R00: 1
    R10: 0
    R02: 0
    R12: 0
  Position:
    Y: -0.5342918634414673
    X: 0.19948434829711914
    Z: -0.25127628445625305
WorldSecondaryAxis:
  Y: 1
  X: 0
  Z: 0
SecondaryAxis:
  Y: 1
  X: 0
  Z: 0
WorldCFrame:
  Orientation:
    R11: 1
    R01: 0
    R21: 0
    R22: 1
    R20: 0
    R00: 1
    R10: 0
    R02: 0
    R12: 0
  Position:
    Y: 13.851227760314941
    X: -64.73182678222656
    Z: 125.41370391845703
Archivable: true
Capabilities: ''
Sandboxed: false
ClassName: Attachment
Visible: false
Name: RightWristRigAttachment
WorldAxis:
  Y: 0
  X: 1
  Z: 0
Orientation:
  Y: 0
  X: 0
  Z: 0
Position:
  Y: -0.5342918634414673
  X: 0.19948434829711914
  Z: -0.25127628445625305
Parent: RightLowerArm
Axis:
  Y: 0
  X: 1
  Z: 0
