WorldPosition:
  Y: 15.384288787841797
  X: -66.9008560180664
  Z: 125.48553466796875
WorldOrientation:
  Y: 0
  X: 0
  Z: 0
CFrame:
  Orientation:
    R11: 1
    R01: 0
    R21: 0
    R22: 1
    R20: 0
    R00: 1
    R10: 0
    R02: 0
    R12: 0
  Position:
    Y: 0.31266140937805176
    X: 0.2957659959793091
    Z: -0.45122939348220825
WorldSecondaryAxis:
  Y: 1
  X: 0
  Z: 0
SecondaryAxis:
  Y: 1
  X: 0
  Z: 0
WorldCFrame:
  Orientation:
    R11: 1
    R01: 0
    R21: 0
    R22: 1
    R20: 0
    R00: 1
    R10: 0
    R02: 0
    R12: 0
  Position:
    Y: 15.384288787841797
    X: -66.9008560180664
    Z: 125.48553466796875
Archivable: true
Capabilities: ''
Sandboxed: false
ClassName: Attachment
Visible: false
Name: LeftShoulderRigAttachment
WorldAxis:
  Y: 0
  X: 1
  Z: 0
Orientation:
  Y: 0
  X: 0
  Z: 0
Position:
  Y: 0.31266140937805176
  X: 0.2957659959793091
  Z: -0.45122939348220825
Parent: LeftUpperArm
Axis:
  Y: 0
  X: 1
  Z: 0
