Archivable: true
Axis:
    X: 0.994701087474823
    "Y": 0.10245806723833084
    Z: -0.008497667498886585
CFrame:
    Orientation:
        R00: 0.994701087474823
        R01: -0.007532886229455471
        R02: -0.10253351926803589
        R10: 0.10245806723833084
        R11: -0.009799597784876823
        R12: 0.9946891665458679
        R20: -0.008497667498886585
        R21: -0.9999236464500427
        R22: -0.008975866250693798
    Position:
        X: 0.051149845123291016
        "Y": -0.011475563049316406
        Z: 0.5005263090133667
Capabilities: ""
ClassName: Attachment
Name: RightFootAttachment
Orientation:
    X: -84.09239959716797
    "Y": -95.00296783447266
    Z: 95.46343231201172
Parent: RightFoot
Position:
    X: 0.051149845123291016
    "Y": -0.011475563049316406
    Z: 0.5005263090133667
Sandboxed: false
SecondaryAxis:
    X: -0.007532886229455471
    "Y": -0.009799597784876823
    Z: -0.9999236464500427
Visible: false
WorldAxis:
    X: 0.994701087474823
    "Y": 0.10245806723833084
    Z: -0.008497667498886585
WorldCFrame:
    Orientation:
        R00: 0.994701087474823
        R01: -0.007532886229455471
        R02: -0.10253351926803589
        R10: 0.10245806723833084
        R11: -0.009799597784876823
        R12: 0.9946891665458679
        R20: -0.008497667498886585
        R21: -0.9999236464500427
        R22: -0.008975866250693798
    Position:
        X: -65.82945251464844
        "Y": 10.617589950561523
        Z: 126.1734619140625
WorldOrientation:
    X: -84.09239959716797
    "Y": -95.00296783447266
    Z: 95.46343231201172
WorldPosition:
    X: -65.82945251464844
    "Y": 10.617589950561523
    Z: 126.1734619140625
WorldSecondaryAxis:
    X: -0.007532886229455471
    "Y": -0.009799597784876823
    Z: -0.9999236464500427
