Archivable: true
Axis:
    X: 1
    "Y": 0
    Z: 0
CFrame:
    Orientation:
        R00: 1
        R01: 0
        R02: 0
        R10: 0
        R11: 1
        R12: 0
        R20: 0
        R21: 0
        R22: 1
    Position:
        X: -9.597753205525805e-07
        "Y": 0.858928382396698
        Z: 0.06904780864715576
Capabilities: ""
ClassName: Attachment
Name: WaistRigAttachment
Orientation:
    X: 0
    "Y": 0
    Z: 0
Parent: LowerTorso
Position:
    X: -9.597753205525805e-07
    "Y": 0.858928382396698
    Z: 0.06904780864715576
Sandboxed: false
SecondaryAxis:
    X: 0
    "Y": 1
    Z: 0
Visible: false
WorldAxis:
    X: 1
    "Y": 0
    Z: 0
WorldCFrame:
    Orientation:
        R00: 1
        R01: 0
        R02: 0
        R10: 0
        R11: 1
        R12: 0
        R20: 0
        R21: 0
        R22: 1
    Position:
        X: -66.35138702392578
        "Y": 14.49220085144043
        Z: 125.92645263671875
WorldOrientation:
    X: 0
    "Y": 0
    Z: 0
WorldPosition:
    X: -66.35138702392578
    "Y": 14.49220085144043
    Z: 125.92645263671875
WorldSecondaryAxis:
    X: 0
    "Y": 1
    Z: 0
