Archivable: true
Axis:
    X: 1
    "Y": 0
    Z: 0
CFrame:
    Orientation:
        R00: 1
        R01: 0
        R02: 0
        R10: 0
        R11: 1
        R12: 0
        R20: 0
        R21: 0
        R22: 1
    Position:
        X: -0.19591867923736572
        "Y": -0.5295853614807129
        Z: -0.24302074313163757
Capabilities: ""
ClassName: Attachment
Name: LeftWristRigAttachment
Orientation:
    X: 0
    "Y": 0
    Z: 0
Parent: LeftLowerArm
Position:
    X: -0.19591867923736572
    "Y": -0.5295853614807129
    Z: -0.24302074313163757
Sandboxed: false
SecondaryAxis:
    X: 0
    "Y": 1
    Z: 0
Visible: false
WorldAxis:
    X: 1
    "Y": 0
    Z: 0
WorldCFrame:
    Orientation:
        R00: 1
        R01: 0
        R02: 0
        R10: 0
        R11: 1
        R12: 0
        R20: 0
        R21: 0
        R22: 1
    Position:
        X: -67.96737670898438
        "Y": 13.855936050415039
        Z: 125.42195892333984
WorldOrientation:
    X: 0
    "Y": 0
    Z: 0
WorldPosition:
    X: -67.96737670898438
    "Y": 13.855936050415039
    Z: 125.42195892333984
WorldSecondaryAxis:
    X: 0
    "Y": 1
    Z: 0
