Archivable: true
Axis:
    X: 1
    "Y": 0
    Z: 0
CFrame:
    Orientation:
        R00: 1
        R01: 0
        R02: 0
        R10: 0
        R11: 1
        R12: 0
        R20: 0
        R21: 0
        R22: 1
    Position:
        X: -0.037528008222579956
        "Y": -0.5634491443634033
        Z: -0.22408142685890198
Capabilities: ""
ClassName: Attachment
Name: RightKneeRigAttachment
Orientation:
    X: 0
    "Y": 0
    Z: 0
Parent: RightUpperLeg
Position:
    X: -0.037528008222579956
    "Y": -0.5634491443634033
    Z: -0.22408142685890198
Sandboxed: false
SecondaryAxis:
    X: 0
    "Y": 1
    Z: 0
Visible: false
WorldAxis:
    X: 1
    "Y": 0
    Z: 0
WorldCFrame:
    Orientation:
        R00: 1
        R01: 0
        R02: 0
        R10: 0
        R11: 1
        R12: 0
        R20: 0
        R21: 0
        R22: 1
    Position:
        X: -65.86212158203125
        "Y": 12.41000747680664
        Z: 125.47069549560547
WorldOrientation:
    X: 0
    "Y": 0
    Z: 0
WorldPosition:
    X: -65.86212158203125
    "Y": 12.41000747680664
    Z: 125.47069549560547
WorldSecondaryAxis:
    X: 0
    "Y": 1
    Z: 0
