Archivable: true
Axis:
    X: -0.7256448864936829
    "Y": -0.3959067165851593
    Z: 0.56275874376297
CFrame:
    Orientation:
        R00: -0.7256448864936829
        R01: 0.6091779470443726
        R02: 0.3199090361595154
        R10: -0.3959067165851593
        R11: -0.7499182224273682
        R12: 0.5299817323684692
        R20: 0.56275874376297
        R21: 0.2579244077205658
        R22: 0.7853519320487976
    Position:
        X: -0.2409658432006836
        "Y": 0.599092960357666
        Z: -0.5158765316009521
Capabilities: ""
ClassName: Attachment
Name: RightShoulderAttachment
Orientation:
    X: -32.00421905517578
    "Y": 22.16326904296875
    Z: -152.16893005371094
Parent: RightUpperArm
Position:
    X: -0.2409658432006836
    "Y": 0.599092960357666
    Z: -0.5158765316009521
Sandboxed: false
SecondaryAxis:
    X: 0.6091779470443726
    "Y": -0.7499182224273682
    Z: 0.2579244077205658
Visible: false
WorldAxis:
    X: -0.7256448864936829
    "Y": -0.3959067165851593
    Z: 0.56275874376297
WorldCFrame:
    Orientation:
        R00: -0.7256448864936829
        R01: 0.6091779470443726
        R02: 0.3199090361595154
        R10: -0.3959067165851593
        R11: -0.7499182224273682
        R12: 0.5299817323684692
        R20: 0.56275874376297
        R21: 0.2579244077205658
        R22: 0.7853519320487976
    Position:
        X: -65.74711608886719
        "Y": 15.670719146728516
        Z: 125.42089080810547
WorldOrientation:
    X: -32.00421905517578
    "Y": 22.16326904296875
    Z: -152.16893005371094
WorldPosition:
    X: -65.74711608886719
    "Y": 15.670719146728516
    Z: 125.42089080810547
WorldSecondaryAxis:
    X: 0.6091779470443726
    "Y": -0.7499182224273682
    Z: 0.2579244077205658
