WorldPosition:
  Y: 10.542712211608887
  X: -66.22028350830078
  Z: 125.54795837402344
WorldOrientation:
  Y: -0.0297511275857687
  X: -17.57518768310547
  Z: 0.0839422419667244
CFrame:
  Orientation:
    R11: 0.9533205628395081
    R01: -0.0013082752702757716
    R21: -0.30195745825767517
    R22: 0.9533215761184692
    R20: 7.686705066589639e-05
    R00: 0.9999991059303284
    R10: 0.001396680949255824
    R02: -0.0004950171569362283
    R12: 0.3019571006298065
  Position:
    Y: 0.6554114818572998
    X: 0.26610904932022095
    Z: -0.5183336138725281
WorldSecondaryAxis:
  Y: 0.9533205628395081
  X: -0.0013082752702757716
  Z: -0.30195745825767517
SecondaryAxis:
  Y: 0.9533205628395081
  X: -0.0013082752702757716
  Z: -0.30195745825767517
WorldCFrame:
  Orientation:
    R11: 0.9533205628395081
    R01: -0.0013082752702757716
    R21: -0.30195745825767517
    R22: 0.9533215761184692
    R20: 7.686705066589639e-05
    R00: 0.9999991059303284
    R10: 0.001396680949255824
    R02: -0.0004950171569362283
    R12: 0.3019571006298065
  Position:
    Y: 10.542712211608887
    X: -66.22028350830078
    Z: 125.54795837402344
Archivable: true
Capabilities: ''
Sandboxed: false
ClassName: Attachment
Visible: false
Name: RightCollarAttachment
WorldAxis:
  Y: 0.001396680949255824
  X: 0.9999991059303284
  Z: 7.686705066589639e-05
Orientation:
  Y: -0.0297511275857687
  X: -17.57518768310547
  Z: 0.0839422419667244
Position:
  Y: 0.6554114818572998
  X: 0.26610904932022095
  Z: -0.5183336138725281
Parent: UpperTorso
Axis:
  Y: 0.001396680949255824
  X: 0.9999991059303284
  Z: 7.686705066589639e-05
