Archivable: true
Axis:
    X: 1
    "Y": 0
    Z: 0
CFrame:
    Orientation:
        R00: 1
        R01: 0
        R02: 0
        R10: 0
        R11: 1
        R12: 0
        R20: 0
        R21: 0
        R22: 1
    Position:
        X: 0
        "Y": -0.9045825004577637
        Z: 0
Capabilities: ""
ClassName: Attachment
Name: RootRigAttachment
Orientation:
    X: 0
    "Y": 0
    Z: 0
Parent: HumanoidRootPart
Position:
    X: 0
    "Y": -0.9045825004577637
    Z: 0
Sandboxed: false
SecondaryAxis:
    X: 0
    "Y": 1
    Z: 0
Visible: false
WorldAxis:
    X: 1
    "Y": 0
    Z: 0
WorldCFrame:
    Orientation:
        R00: 1
        R01: 0
        R02: 0
        R10: 0
        R11: 1
        R12: 0
        R20: 0
        R21: 0
        R22: 1
    Position:
        X: -66.35138702392578
        "Y": 13.470439910888672
        Z: 125.68501281738281
WorldOrientation:
    X: 0
    "Y": 0
    Z: 0
WorldPosition:
    X: -66.35138702392578
    "Y": 13.470439910888672
    Z: 125.68501281738281
WorldSecondaryAxis:
    X: 0
    "Y": 1
    Z: 0
