WorldPosition:
  Y: 15.362621307373047
  X: -65.75509643554688
  Z: 125.48809814453125
WorldOrientation:
  Y: 0
  X: 0
  Z: 0
CFrame:
  Orientation:
    R11: 1
    R01: 0
    R21: 0
    R22: 1
    R20: 0
    R00: 1
    R10: 0
    R02: 0
    R12: 0
  Position:
    Y: 0.29099512100219727
    X: -0.24894988536834717
    Z: -0.44866877794265747
WorldSecondaryAxis:
  Y: 1
  X: 0
  Z: 0
SecondaryAxis:
  Y: 1
  X: 0
  Z: 0
WorldCFrame:
  Orientation:
    R11: 1
    R01: 0
    R21: 0
    R22: 1
    R20: 0
    R00: 1
    R10: 0
    R02: 0
    R12: 0
  Position:
    Y: 15.362621307373047
    X: -65.75509643554688
    Z: 125.48809814453125
Archivable: true
Capabilities: ''
Sandboxed: false
ClassName: Attachment
Visible: false
Name: RightShoulderRigAttachment
WorldAxis:
  Y: 0
  X: 1
  Z: 0
Orientation:
  Y: 0
  X: 0
  Z: 0
Position:
  Y: 0.29099512100219727
  X: -0.24894988536834717
  Z: -0.44866877794265747
Parent: RightUpperArm
Axis:
  Y: 0
  X: 1
  Z: 0
