Archivable: true
Axis:
    X: 0.9999991059303284
    "Y": 0.001396680949255824
    Z: 7.686705066589639e-05
CFrame:
    Orientation:
        R00: 0.9999991059303284
        R01: -0.0013082752702757716
        R02: -0.0004950171569362283
        R10: 0.001396680949255824
        R11: 0.9533205628395081
        R12: 0.3019571006298065
        R20: 7.686705066589639e-05
        R21: -0.30195745825767517
        R22: 0.9533215761184692
    Position:
        X: -0.2688404619693756
        "Y": 0.6538419723510742
        Z: -0.5180772542953491
Capabilities: ""
ClassName: Attachment
Name: LeftCollarAttachment
Orientation:
    X: -17.57518768310547
    "Y": -0.0297511275857687
    Z: 0.0839422419667244
Parent: UpperTorso
Position:
    X: -0.2688404619693756
    "Y": 0.6538419723510742
    Z: -0.5180772542953491
Sandboxed: false
SecondaryAxis:
    X: -0.0013082752702757716
    "Y": 0.9533205628395081
    Z: -0.30195745825767517
Visible: false
WorldAxis:
    X: 0.9999991059303284
    "Y": 0.001396680949255824
    Z: 7.686705066589639e-05
WorldCFrame:
    Orientation:
        R00: 0.9999991059303284
        R01: -0.0013082752702757716
        R02: -0.0004950171569362283
        R10: 0.001396680949255824
        R11: 0.9533205628395081
        R12: 0.3019571006298065
        R20: 7.686705066589639e-05
        R21: -0.30195745825767517
        R22: 0.9533215761184692
    Position:
        X: -66.7552261352539
        "Y": 10.541142463684082
        Z: 125.5482177734375
WorldOrientation:
    X: -17.57518768310547
    "Y": -0.0297511275857687
    Z: 0.0839422419667244
WorldPosition:
    X: -66.7552261352539
    "Y": 10.541142463684082
    Z: 125.5482177734375
WorldSecondaryAxis:
    X: -0.0013082752702757716
    "Y": 0.9533205628395081
    Z: -0.30195745825767517
