WorldPosition:
  Y: 8.797781944274902
  X: -52.486412048339844
  Z: 126.40686798095703
WorldOrientation:
  Y: 0.002309806179255247
  X: 6.614482879638672
  Z: 0.016804788261651993
CFrame:
  Orientation:
    R11: 0.993343710899353
    R01: -0.0002886552538257092
    R21: 0.11518824845552444
    R22: 0.9933437705039978
    R20: -6.529141046485165e-06
    R00: 1
    R10: 0.0002913466014433652
    R02: 4.004538641311228e-05
    R12: -0.11518824845552444
  Position:
    Y: 0.0802125483751297
    X: -2.3107802917365916e-05
    Z: 0.40518999099731445
WorldSecondaryAxis:
  Y: 0.993343710899353
  X: -0.0002886552538257092
  Z: 0.11518824845552444
SecondaryAxis:
  Y: 0.993343710899353
  X: -0.0002886552538257092
  Z: 0.11518824845552444
WorldCFrame:
  Orientation:
    R11: 0.993343710899353
    R01: -0.0002886552538257092
    R21: 0.11518824845552444
    R22: 0.9933437705039978
    R20: -6.529141046485165e-06
    R00: 1
    R10: 0.0002913466014433652
    R02: 4.004538641311228e-05
    R12: -0.11518824845552444
  Position:
    Y: 8.797781944274902
    X: -52.486412048339844
    Z: 126.40686798095703
Archivable: true
Capabilities: ''
Sandboxed: false
ClassName: Attachment
Visible: false
Name: WaistBackAttachment
WorldAxis:
  Y: 0.0002913466014433652
  X: 1
  Z: -6.529141046485165e-06
Orientation:
  Y: 0.002309806179255247
  X: 6.614482879638672
  Z: 0.016804788261651993
Position:
  Y: 0.0802125483751297
  X: -2.3107802917365916e-05
  Z: 0.40518999099731445
Parent: LowerTorso
Axis:
  Y: 0.0002913466014433652
  X: 1
  Z: -6.529141046485165e-06
