WorldPosition:
  Y: 9.592381477355957
  X: -53.72191619873047
  Z: 125.919189453125
WorldOrientation:
  Y: 0
  X: 0
  Z: 0
CFrame:
  Orientation:
    R11: 1
    R01: 0
    R21: 0
    R22: 1
    R20: 0
    R00: 1
    R10: 0
    R02: 0
    R12: 0
  Position:
    Y: 0.12256336212158203
    X: 0.18454861640930176
    Z: 0.10994327813386917
WorldSecondaryAxis:
  Y: 1
  X: 0
  Z: 0
SecondaryAxis:
  Y: 1
  X: 0
  Z: 0
WorldCFrame:
  Orientation:
    R11: 1
    R01: 0
    R21: 0
    R22: 1
    R20: 0
    R00: 1
    R10: 0
    R02: 0
    R12: 0
  Position:
    Y: 9.592381477355957
    X: -53.72191619873047
    Z: 125.919189453125
Archivable: true
Capabilities: ''
Sandboxed: false
ClassName: Attachment
Visible: false
Name: LeftElbowRigAttachment
WorldAxis:
  Y: 0
  X: 1
  Z: 0
Orientation:
  Y: 0
  X: 0
  Z: 0
Position:
  Y: 0.12256336212158203
  X: 0.18454861640930176
  Z: 0.10994327813386917
Parent: LeftLowerArm
Axis:
  Y: 0
  X: 1
  Z: 0
