Archivable: true
Axis:
    X: 1
    "Y": 0
    Z: 0
CFrame:
    Orientation:
        R00: 1
        R01: 0
        R02: 0
        R10: 0
        R11: 1
        R12: 0
        R20: 0
        R21: 0
        R22: 1
    Position:
        X: 0.09140646457672119
        "Y": -0.563449501991272
        Z: -0.22408325970172882
Capabilities: ""
ClassName: Attachment
Name: LeftKneeRigAttachment
Orientation:
    X: 0
    "Y": 0
    Z: 0
Parent: LeftUpperLeg
Position:
    X: 0.09140646457672119
    "Y": -0.563449501991272
    Z: -0.22408325970172882
Sandboxed: false
SecondaryAxis:
    X: 0
    "Y": 1
    Z: 0
Visible: false
WorldAxis:
    X: 1
    "Y": 0
    Z: 0
WorldCFrame:
    Orientation:
        R00: 1
        R01: 0
        R02: 0
        R10: 0
        R11: 1
        R12: 0
        R20: 0
        R21: 0
        R22: 1
    Position:
        X: -66.78677368164062
        "Y": 12.410006523132324
        Z: 125.47069549560547
WorldOrientation:
    X: 0
    "Y": 0
    Z: 0
WorldPosition:
    X: -66.78677368164062
    "Y": 12.410006523132324
    Z: 125.47069549560547
WorldSecondaryAxis:
    X: 0
    "Y": 1
    Z: 0
