Archivable: true
Axis:
    X: 1
    "Y": 0
    Z: 0
CFrame:
    Orientation:
        R00: 1
        R01: 0
        R02: 0
        R10: 0
        R11: 1
        R12: 0
        R20: 0
        R21: 0
        R22: 1
    Position:
        X: -0.002190830884501338
        "Y": -0.3500082492828369
        Z: -0.42363446950912476
Capabilities: ""
ClassName: Attachment
Name: NeckRigAttachment
Orientation:
    X: 0
    "Y": 0
    Z: 0
Parent: Head
Position:
    X: -0.002190830884501338
    "Y": -0.3500082492828369
    Z: -0.42363446950912476
Sandboxed: false
SecondaryAxis:
    X: 0
    "Y": 1
    Z: 0
Visible: false
WorldAxis:
    X: 1
    "Y": 0
    Z: 0
WorldCFrame:
    Orientation:
        R00: 1
        R01: 0
        R02: 0
        R10: 0
        R11: 1
        R12: 0
        R20: 0
        R21: 0
        R22: 1
    Position:
        X: -66.35357666015625
        "Y": 15.789741516113281
        Z: 125.4882583618164
WorldOrientation:
    X: 0
    "Y": 0
    Z: 0
WorldPosition:
    X: -66.35357666015625
    "Y": 15.789741516113281
    Z: 125.4882583618164
WorldSecondaryAxis:
    X: 0
    "Y": 1
    Z: 0
