Archivable: true
C0:
    Orientation:
        R00: 1
        R01: 0
        R02: 0
        R10: 0
        R11: 1
        R12: 0
        R20: 0
        R21: 0
        R22: 1
    Position:
        X: 0.09140646457672119
        "Y": -0.563449501991272
        Z: -0.22408325970172882
C1:
    Orientation:
        R00: 1
        R01: 0
        R02: 0
        R10: 0
        R11: 1
        R12: 0
        R20: 0
        R21: 0
        R22: 1
    Position:
        X: 0.03775298595428467
        "Y": 0.8543746471405029
        Z: -0.2719748616218567
Capabilities: ""
ClassName: Motor6D
CurrentAngle: 0
DesiredAngle: 0
Enabled: true
MaxVelocity: 0
Name: LeftKnee
Parent: LeftLowerLeg
Part0: LeftUpperLeg
Part1: LeftLowerLeg
Sandboxed: false
Transform:
    Orientation:
        R00: 1
        R01: 0
        R02: 0
        R10: 0
        R11: 1
        R12: 0
        R20: 0
        R21: 0
        R22: 1
    Position:
        X: 0
        "Y": 0
        Z: 0
