WorldPosition:
  Y: 15.656806945800781
  X: -66.92584228515625
  Z: 125.43460845947266
WorldOrientation:
  Y: -23.034116744995117
  X: -31.01927947998047
  Z: 154.53305053710938
CFrame:
  Orientation:
    R11: -0.7737229466438293
    R01: -0.5777522921562195
    R21: 0.25991395115852356
    R22: 0.7886676788330078
    R20: -0.557178795337677
    R00: -0.7441506385803223
    R10: 0.36849910020828247
    R02: -0.3353239595890045
    R12: 0.5153264999389648
  Position:
    Y: 0.5851795673370361
    X: 0.27078598737716675
    Z: -0.5021586418151855
WorldSecondaryAxis:
  Y: -0.7737229466438293
  X: -0.5777522921562195
  Z: 0.25991395115852356
SecondaryAxis:
  Y: -0.7737229466438293
  X: -0.5777522921562195
  Z: 0.25991395115852356
WorldCFrame:
  Orientation:
    R11: -0.7737229466438293
    R01: -0.5777522921562195
    R21: 0.25991395115852356
    R22: 0.7886676788330078
    R20: -0.557178795337677
    R00: -0.7441506385803223
    R10: 0.36849910020828247
    R02: -0.3353239595890045
    R12: 0.5153264999389648
  Position:
    Y: 15.656806945800781
    X: -66.92584228515625
    Z: 125.43460845947266
Archivable: true
Capabilities: ''
Sandboxed: false
ClassName: Attachment
Visible: false
Name: LeftShoulderAttachment
WorldAxis:
  Y: 0.36849910020828247
  X: -0.7441506385803223
  Z: -0.557178795337677
Orientation:
  Y: -23.034116744995117
  X: -31.01927947998047
  Z: 154.53305053710938
Position:
  Y: 0.5851795673370361
  X: 0.27078598737716675
  Z: -0.5021586418151855
Parent: LeftUpperArm
Axis:
  Y: 0.36849910020828247
  X: -0.7441506385803223
  Z: -0.557178795337677
