WorldPosition:
  Y: 10.617589950561523
  X: -65.82945251464844
  Z: 126.1734619140625
WorldOrientation:
  Y: -95.00296783447266
  X: -84.09239959716797
  Z: 95.46343231201172
CFrame:
  Orientation:
    R11: -0.009799597784876823
    R01: -0.007532886229455471
    R21: -0.9999236464500427
    R22: -0.008975866250693798
    R20: -0.008497667498886585
    R00: 0.994701087474823
    R10: 0.10245806723833084
    R02: -0.10253351926803589
    R12: 0.9946891665458679
  Position:
    Y: -0.011475563049316406
    X: 0.051149845123291016
    Z: 0.5005263090133667
WorldSecondaryAxis:
  Y: -0.009799597784876823
  X: -0.007532886229455471
  Z: -0.9999236464500427
SecondaryAxis:
  Y: -0.009799597784876823
  X: -0.007532886229455471
  Z: -0.9999236464500427
WorldCFrame:
  Orientation:
    R11: -0.009799597784876823
    R01: -0.007532886229455471
    R21: -0.9999236464500427
    R22: -0.008975866250693798
    R20: -0.008497667498886585
    R00: 0.994701087474823
    R10: 0.10245806723833084
    R02: -0.10253351926803589
    R12: 0.9946891665458679
  Position:
    Y: 10.617589950561523
    X: -65.82945251464844
    Z: 126.1734619140625
Archivable: true
Capabilities: ''
Sandboxed: false
ClassName: Attachment
Visible: false
Name: RightFootAttachment
WorldAxis:
  Y: 0.10245806723833084
  X: 0.994701087474823
  Z: -0.008497667498886585
Orientation:
  Y: -95.00296783447266
  X: -84.09239959716797
  Z: 95.46343231201172
Position:
  Y: -0.011475563049316406
  X: 0.051149845123291016
  Z: 0.5005263090133667
Parent: RightFoot
Axis:
  Y: 0.10245806723833084
  X: 0.994701087474823
  Z: -0.008497667498886585
