Archivable: true
Axis:
    X: -0.7441506385803223
    "Y": 0.36849910020828247
    Z: -0.557178795337677
CFrame:
    Orientation:
        R00: -0.7441506385803223
        R01: -0.5777522921562195
        R02: -0.3353239595890045
        R10: 0.36849910020828247
        R11: -0.7737229466438293
        R12: 0.5153264999389648
        R20: -0.557178795337677
        R21: 0.25991395115852356
        R22: 0.7886676788330078
    Position:
        X: 0.27078598737716675
        "Y": 0.5851795673370361
        Z: -0.5021586418151855
Capabilities: ""
ClassName: Attachment
Name: LeftShoulderAttachment
Orientation:
    X: -31.01927947998047
    "Y": -23.034116744995117
    Z: 154.53305053710938
Parent: LeftUpperArm
Position:
    X: 0.27078598737716675
    "Y": 0.5851795673370361
    Z: -0.5021586418151855
Sandboxed: false
SecondaryAxis:
    X: -0.5777522921562195
    "Y": -0.7737229466438293
    Z: 0.25991395115852356
Visible: false
WorldAxis:
    X: -0.7441506385803223
    "Y": 0.36849910020828247
    Z: -0.557178795337677
WorldCFrame:
    Orientation:
        R00: -0.7441506385803223
        R01: -0.5777522921562195
        R02: -0.3353239595890045
        R10: 0.36849910020828247
        R11: -0.7737229466438293
        R12: 0.5153264999389648
        R20: -0.557178795337677
        R21: 0.25991395115852356
        R22: 0.7886676788330078
    Position:
        X: -66.92584228515625
        "Y": 15.656806945800781
        Z: 125.43460845947266
WorldOrientation:
    X: -31.01927947998047
    "Y": -23.034116744995117
    Z: 154.53305053710938
WorldPosition:
    X: -66.92584228515625
    "Y": 15.656806945800781
    Z: 125.43460845947266
WorldSecondaryAxis:
    X: -0.5777522921562195
    "Y": -0.7737229466438293
    Z: 0.25991395115852356
