Archivable: true
Axis:
    X: -0.4888262450695038
    "Y": -0.6188927888870239
    Z: 0.6148338317871094
CFrame:
    Orientation:
        R00: -0.4888262450695038
        R01: -0.7482046484947205
        R02: 0.4485964775085449
        R10: -0.6188927888870239
        R11: -0.06498553603887558
        R12: -0.7827826738357544
        R20: 0.6148338317871094
        R21: -0.660277783870697
        R22: -0.4312918484210968
    Position:
        X: -0.005314826965332031
        "Y": -0.2452537715435028
        Z: 0.44656145572662354
Capabilities: ""
ClassName: Attachment
Name: RightGripAttachment
Orientation:
    X: 51.51606750488281
    "Y": 133.87332153320312
    Z: -95.99425506591797
Parent: RightHand
Position:
    X: -0.005314826965332031
    "Y": -0.2452537715435028
    Z: 0.44656145572662354
Sandboxed: false
SecondaryAxis:
    X: -0.7482046484947205
    "Y": -0.06498553603887558
    Z: -0.660277783870697
Visible: false
WorldAxis:
    X: -0.4888262450695038
    "Y": -0.6188927888870239
    Z: 0.6148338317871094
WorldCFrame:
    Orientation:
        R00: -0.4888262450695038
        R01: -0.7482046484947205
        R02: 0.4485964775085449
        R10: -0.6188927888870239
        R11: -0.06498553603887558
        R12: -0.7827826738357544
        R20: 0.6148338317871094
        R21: -0.660277783870697
        R22: -0.4312918484210968
    Position:
        X: -64.6706771850586
        "Y": 13.503554344177246
        Z: 125.50799560546875
WorldOrientation:
    X: 51.51606750488281
    "Y": 133.87332153320312
    Z: -95.99425506591797
WorldPosition:
    X: -64.6706771850586
    "Y": 13.503554344177246
    Z: 125.50799560546875
WorldSecondaryAxis:
    X: -0.7482046484947205
    "Y": -0.06498553603887558
    Z: -0.660277783870697
