Archivable: true
Axis:
    X: 0.994701087474823
    "Y": -0.102458655834198
    Z: 0.008489408530294895
CFrame:
    Orientation:
        R00: 0.994701087474823
        R01: 0.007524535991251469
        R02: 0.10253402590751648
        R10: -0.102458655834198
        R11: -0.009800009429454803
        R12: 0.9946890473365784
        R20: 0.008489408530294895
        R21: -0.9999236464500427
        R22: -0.008977126330137253
    Position:
        X: -0.0015799999237060547
        "Y": -0.02916407585144043
        Z: 0.4839842617511749
Capabilities: ""
ClassName: Attachment
Name: LeftFootAttachment
Orientation:
    X: -84.09233093261719
    "Y": 95.0036392211914
    Z: -95.463623046875
Parent: LeftFoot
Position:
    X: -0.0015799999237060547
    "Y": -0.02916407585144043
    Z: 0.4839842617511749
Sandboxed: false
SecondaryAxis:
    X: 0.007524535991251469
    "Y": -0.009800009429454803
    Z: -0.9999236464500427
Visible: false
WorldAxis:
    X: 0.994701087474823
    "Y": -0.102458655834198
    Z: 0.008489408530294895
WorldCFrame:
    Orientation:
        R00: 0.994701087474823
        R01: 0.007524535991251469
        R02: 0.10253402590751648
        R10: -0.102458655834198
        R11: -0.009800009429454803
        R12: 0.9946890473365784
        R20: 0.008489408530294895
        R21: -0.9999236464500427
        R22: -0.008977126330137253
    Position:
        X: -66.8237533569336
        "Y": 10.599902153015137
        Z: 126.15692138671875
WorldOrientation:
    X: -84.09233093261719
    "Y": 95.0036392211914
    Z: -95.463623046875
WorldPosition:
    X: -66.8237533569336
    "Y": 10.599902153015137
    Z: 126.15692138671875
WorldSecondaryAxis:
    X: 0.007524535991251469
    "Y": -0.009800009429454803
    Z: -0.9999236464500427
