WorldPosition:
  Y: 8.53895378112793
  X: -54.16129684448242
  Z: 125.61140441894531
WorldOrientation:
  Y: -115.033935546875
  X: 51.21818542480469
  Z: 106.5543212890625
CFrame:
  Orientation:
    R11: -0.1784641444683075
    R01: 0.6068587899208069
    R21: -0.7745147347450256
    R22: -0.2650459110736847
    R20: -0.5743497610092163
    R00: -0.5564615726470947
    R10: 0.6003939509391785
    R02: -0.5675147771835327
    R12: -0.7795368432998657
  Position:
    Y: -0.29415154457092285
    X: 0.011119961738586426
    Z: 0.4057043790817261
WorldSecondaryAxis:
  Y: -0.1784641444683075
  X: 0.6068587899208069
  Z: -0.7745147347450256
SecondaryAxis:
  Y: -0.1784641444683075
  X: 0.6068587899208069
  Z: -0.7745147347450256
WorldCFrame:
  Orientation:
    R11: -0.1784641444683075
    R01: 0.6068587899208069
    R21: -0.7745147347450256
    R22: -0.2650459110736847
    R20: -0.5743497610092163
    R00: -0.5564615726470947
    R10: 0.6003939509391785
    R02: -0.5675147771835327
    R12: -0.7795368432998657
  Position:
    Y: 8.53895378112793
    X: -54.16129684448242
    Z: 125.61140441894531
Archivable: true
Capabilities: ''
Sandboxed: false
ClassName: Attachment
Visible: false
Name: LeftGripAttachment
WorldAxis:
  Y: 0.6003939509391785
  X: -0.5564615726470947
  Z: -0.5743497610092163
Orientation:
  Y: -115.033935546875
  X: 51.21818542480469
  Z: 106.5543212890625
Position:
  Y: -0.29415154457092285
  X: 0.011119961738586426
  Z: 0.4057043790817261
Parent: LeftHand
Axis:
  Y: 0.6003939509391785
  X: -0.5564615726470947
  Z: -0.5743497610092163
