Archivable: true
Axis:
    X: 1
    "Y": 0
    Z: 0
CFrame:
    Orientation:
        R00: 1
        R01: 0
        R02: 0
        R10: 0
        R11: 1
        R12: 0
        R20: 0
        R21: 0
        R22: 1
    Position:
        X: -0.4467209279537201
        "Y": -0.25825053453445435
        Z: -0.20666977763175964
Capabilities: ""
ClassName: Attachment
Name: LeftHipRigAttachment
Orientation:
    X: 0
    "Y": 0
    Z: 0
Parent: LowerTorso
Position:
    X: -0.4467209279537201
    "Y": -0.25825053453445435
    Z: -0.20666977763175964
Sandboxed: false
SecondaryAxis:
    X: 0
    "Y": 1
    Z: 0
Visible: false
WorldAxis:
    X: 1
    "Y": 0
    Z: 0
WorldCFrame:
    Orientation:
        R00: 1
        R01: 0
        R02: 0
        R10: 0
        R11: 1
        R12: 0
        R20: 0
        R21: 0
        R22: 1
    Position:
        X: -66.79811096191406
        "Y": 13.375021934509277
        Z: 125.6507339477539
WorldOrientation:
    X: 0
    "Y": 0
    Z: 0
WorldPosition:
    X: -66.79811096191406
    "Y": 13.375021934509277
    Z: 125.6507339477539
WorldSecondaryAxis:
    X: 0
    "Y": 1
    Z: 0
