Archivable: true
Axis:
    X: 1
    "Y": 0
    Z: 0
CFrame:
    Orientation:
        R00: 1
        R01: 0
        R02: 0
        R10: 0
        R11: 1
        R12: 0
        R20: 0
        R21: 0
        R22: 1
    Position:
        X: -0.549470067024231
        "Y": 0.49251747131347656
        Z: -0.436481773853302
Capabilities: ""
ClassName: Attachment
Name: LeftShoulderRigAttachment
Orientation:
    X: 0
    "Y": 0
    Z: 0
Parent: UpperTorso
Position:
    X: -0.549470067024231
    "Y": 0.49251747131347656
    Z: -0.436481773853302
Sandboxed: false
SecondaryAxis:
    X: 0
    "Y": 1
    Z: 0
Visible: false
WorldAxis:
    X: 1
    "Y": 0
    Z: 0
WorldCFrame:
    Orientation:
        R00: 1
        R01: 0
        R02: 0
        R10: 0
        R11: 1
        R12: 0
        R20: 0
        R21: 0
        R22: 1
    Position:
        X: -67.03585815429688
        "Y": 10.379817962646484
        Z: 125.62980651855469
WorldOrientation:
    X: 0
    "Y": 0
    Z: 0
WorldPosition:
    X: -67.03585815429688
    "Y": 10.379817962646484
    Z: 125.62980651855469
WorldSecondaryAxis:
    X: 0
    "Y": 1
    Z: 0
