WorldPosition:
  Y: 9.4877290725708
  X: -66.48638916015625
  Z: 126.07072448730469
WorldOrientation:
  Y: 0
  X: 0
  Z: 0
CFrame:
  Orientation:
    R11: 1
    R01: 0
    R21: 0
    R22: 1
    R20: 0
    R00: 1
    R10: 0
    R02: 0
    R12: 0
  Position:
    Y: -0.39957118034362793
    X: -9.597753205525805e-07
    Z: 0.004434466361999512
WorldSecondaryAxis:
  Y: 1
  X: 0
  Z: 0
SecondaryAxis:
  Y: 1
  X: 0
  Z: 0
WorldCFrame:
  Orientation:
    R11: 1
    R01: 0
    R21: 0
    R22: 1
    R20: 0
    R00: 1
    R10: 0
    R02: 0
    R12: 0
  Position:
    Y: 9.4877290725708
    X: -66.48638916015625
    Z: 126.07072448730469
Archivable: true
Capabilities: ''
Sandboxed: false
ClassName: Attachment
Visible: false
Name: WaistRigAttachment
WorldAxis:
  Y: 0
  X: 1
  Z: 0
Orientation:
  Y: 0
  X: 0
  Z: 0
Position:
  Y: -0.39957118034362793
  X: -9.597753205525805e-07
  Z: 0.004434466361999512
Parent: UpperTorso
Axis:
  Y: 0
  X: 1
  Z: 0
