WorldPosition:
  Y: 14.555068969726562
  X: -65.09180450439453
  Z: 125.80651092529297
WorldOrientation:
  Y: 0
  X: 0
  Z: 0
CFrame:
  Orientation:
    R11: 1
    R01: 0
    R21: 0
    R22: 1
    R20: 0
    R00: 1
    R10: 0
    R02: 0
    R12: 0
  Position:
    Y: 0.16954922676086426
    X: -0.16048872470855713
    Z: 0.14153195917606354
WorldSecondaryAxis:
  Y: 1
  X: 0
  Z: 0
SecondaryAxis:
  Y: 1
  X: 0
  Z: 0
WorldCFrame:
  Orientation:
    R11: 1
    R01: 0
    R21: 0
    R22: 1
    R20: 0
    R00: 1
    R10: 0
    R02: 0
    R12: 0
  Position:
    Y: 14.555068969726562
    X: -65.09180450439453
    Z: 125.80651092529297
Archivable: true
Capabilities: ''
Sandboxed: false
ClassName: Attachment
Visible: false
Name: RightElbowRigAttachment
WorldAxis:
  Y: 0
  X: 1
  Z: 0
Orientation:
  Y: 0
  X: 0
  Z: 0
Position:
  Y: 0.16954922676086426
  X: -0.16048872470855713
  Z: 0.14153195917606354
Parent: RightLowerArm
Axis:
  Y: 0
  X: 1
  Z: 0
