WorldPosition:
  Y: 16.580036163330078
  X: -66.35354614257812
  Z: 125.31869506835938
WorldOrientation:
  Y: -0.03171893209218979
  X: -0.6505905985832214
  Z: 0.004658316262066364
CFrame:
  Orientation:
    R11: 0.9999355673789978
    R01: -7.501698564738035e-05
    R21: -0.011354747228324413
    R22: 0.9999354481697083
    R20: 0.0005526766180992126
    R00: 0.9999998807907104
    R10: 8.129772322718054e-05
    R02: -0.0005535641103051603
    R12: 0.011354704387485981
  Position:
    Y: 0.44028568267822266
    X: -0.0021613638382405043
    Z: -0.5932029485702515
WorldSecondaryAxis:
  Y: 0.9999355673789978
  X: -7.501698564738035e-05
  Z: -0.011354747228324413
SecondaryAxis:
  Y: 0.9999355673789978
  X: -7.501698564738035e-05
  Z: -0.011354747228324413
WorldCFrame:
  Orientation:
    R11: 0.9999355673789978
    R01: -7.501698564738035e-05
    R21: -0.011354747228324413
    R22: 0.9999354481697083
    R20: 0.0005526766180992126
    R00: 0.9999998807907104
    R10: 8.129772322718054e-05
    R02: -0.0005535641103051603
    R12: 0.011354704387485981
  Position:
    Y: 16.580036163330078
    X: -66.35354614257812
    Z: 125.31869506835938
Archivable: true
Capabilities: ''
Sandboxed: false
ClassName: Attachment
Visible: false
Name: HatAttachment
WorldAxis:
  Y: 8.129772322718054e-05
  X: 0.9999998807907104
  Z: 0.0005526766180992126
Orientation:
  Y: -0.03171893209218979
  X: -0.6505905985832214
  Z: 0.004658316262066364
Position:
  Y: 0.44028568267822266
  X: -0.0021613638382405043
  Z: -0.5932029485702515
Parent: Head
Axis:
  Y: 8.129772322718054e-05
  X: 0.9999998807907104
  Z: 0.0005526766180992126
