Archivable: true
Axis:
    X: 1
    "Y": 0
    Z: 0
CFrame:
    Orientation:
        R00: 1
        R01: 0
        R02: 0
        R10: 0
        R11: 1
        R12: 0
        R20: 0
        R21: 0
        R22: 1
    Position:
        X: -0.24894988536834717
        "Y": 0.29099512100219727
        Z: -0.44866877794265747
Capabilities: ""
ClassName: Attachment
Name: RightShoulderRigAttachment
Orientation:
    X: 0
    "Y": 0
    Z: 0
Parent: RightUpperArm
Position:
    X: -0.24894988536834717
    "Y": 0.29099512100219727
    Z: -0.44866877794265747
Sandboxed: false
SecondaryAxis:
    X: 0
    "Y": 1
    Z: 0
Visible: false
WorldAxis:
    X: 1
    "Y": 0
    Z: 0
WorldCFrame:
    Orientation:
        R00: 1
        R01: 0
        R02: 0
        R10: 0
        R11: 1
        R12: 0
        R20: 0
        R21: 0
        R22: 1
    Position:
        X: -65.75509643554688
        "Y": 15.362621307373047
        Z: 125.48809814453125
WorldOrientation:
    X: 0
    "Y": 0
    Z: 0
WorldPosition:
    X: -65.75509643554688
    "Y": 15.362621307373047
    Z: 125.48809814453125
WorldSecondaryAxis:
    X: 0
    "Y": 1
    Z: 0
