WorldPosition:
  Y: 10.599902153015137
  X: -66.8237533569336
  Z: 126.15692138671875
WorldOrientation:
  Y: 95.0036392211914
  X: -84.09233093261719
  Z: -95.463623046875
CFrame:
  Orientation:
    R11: -0.009800009429454803
    R01: 0.007524535991251469
    R21: -0.9999236464500427
    R22: -0.008977126330137253
    R20: 0.008489408530294895
    R00: 0.994701087474823
    R10: -0.102458655834198
    R02: 0.10253402590751648
    R12: 0.9946890473365784
  Position:
    Y: -0.02916407585144043
    X: -0.0015799999237060547
    Z: 0.4839842617511749
WorldSecondaryAxis:
  Y: -0.009800009429454803
  X: 0.007524535991251469
  Z: -0.9999236464500427
SecondaryAxis:
  Y: -0.009800009429454803
  X: 0.007524535991251469
  Z: -0.9999236464500427
WorldCFrame:
  Orientation:
    R11: -0.009800009429454803
    R01: 0.007524535991251469
    R21: -0.9999236464500427
    R22: -0.008977126330137253
    R20: 0.008489408530294895
    R00: 0.994701087474823
    R10: -0.102458655834198
    R02: 0.10253402590751648
    R12: 0.9946890473365784
  Position:
    Y: 10.599902153015137
    X: -66.8237533569336
    Z: 126.15692138671875
Archivable: true
Capabilities: ''
Sandboxed: false
ClassName: Attachment
Visible: false
Name: LeftFootAttachment
WorldAxis:
  Y: -0.102458655834198
  X: 0.994701087474823
  Z: 0.008489408530294895
Orientation:
  Y: 95.0036392211914
  X: -84.09233093261719
  Z: -95.463623046875
Position:
  Y: -0.02916407585144043
  X: -0.0015799999237060547
  Z: 0.4839842617511749
Parent: LeftFoot
Axis:
  Y: -0.102458655834198
  X: 0.994701087474823
  Z: 0.008489408530294895
