WorldPosition:
  Y: 8.851465225219727
  X: -68.10237884521484
  Z: 125.56623077392578
WorldOrientation:
  Y: 0
  X: 0
  Z: 0
CFrame:
  Orientation:
    R11: 1
    R01: 0
    R21: 0
    R22: 1
    R20: 0
    R00: 1
    R10: 0
    R02: 0
    R12: 0
  Position:
    Y: -0.5295853614807129
    X: -0.19591867923736572
    Z: -0.24302074313163757
WorldSecondaryAxis:
  Y: 1
  X: 0
  Z: 0
SecondaryAxis:
  Y: 1
  X: 0
  Z: 0
WorldCFrame:
  Orientation:
    R11: 1
    R01: 0
    R21: 0
    R22: 1
    R20: 0
    R00: 1
    R10: 0
    R02: 0
    R12: 0
  Position:
    Y: 8.851465225219727
    X: -68.10237884521484
    Z: 125.56623077392578
Archivable: true
Capabilities: ''
Sandboxed: false
ClassName: Attachment
Visible: false
Name: LeftWristRigAttachment
WorldAxis:
  Y: 0
  X: 1
  Z: 0
Orientation:
  Y: 0
  X: 0
  Z: 0
Position:
  Y: -0.5295853614807129
  X: -0.19591867923736572
  Z: -0.24302074313163757
Parent: LeftLowerArm
Axis:
  Y: 0
  X: 1
  Z: 0
