WorldPosition:
  Y: 12.410006523132324
  X: -65.86211395263672
  Z: 125.47069549560547
WorldOrientation:
  Y: 0
  X: 0
  Z: 0
CFrame:
  Orientation:
    R11: 1
    R01: 0
    R21: 0
    R22: 1
    R20: 0
    R00: 1
    R10: 0
    R02: 0
    R12: 0
  Position:
    Y: 0.8543751239776611
    X: 0.016125470399856567
    Z: -0.27197304368019104
WorldSecondaryAxis:
  Y: 1
  X: 0
  Z: 0
SecondaryAxis:
  Y: 1
  X: 0
  Z: 0
WorldCFrame:
  Orientation:
    R11: 1
    R01: 0
    R21: 0
    R22: 1
    R20: 0
    R00: 1
    R10: 0
    R02: 0
    R12: 0
  Position:
    Y: 12.410006523132324
    X: -65.86211395263672
    Z: 125.47069549560547
Archivable: true
Capabilities: ''
Sandboxed: false
ClassName: Attachment
Visible: false
Name: RightKneeRigAttachment
WorldAxis:
  Y: 0
  X: 1
  Z: 0
Orientation:
  Y: 0
  X: 0
  Z: 0
Position:
  Y: 0.8543751239776611
  X: 0.016125470399856567
  Z: -0.27197304368019104
Parent: RightLowerLeg
Axis:
  Y: 0
  X: 1
  Z: 0
