Archivable: true
Axis:
    X: -0.5564615726470947
    "Y": 0.6003939509391785
    Z: -0.5743497610092163
CFrame:
    Orientation:
        R00: -0.5564615726470947
        R01: 0.6068587303161621
        R02: -0.5675148367881775
        R10: 0.6003939509391785
        R11: -0.1784641146659851
        R12: -0.7795368432998657
        R20: -0.5743497610092163
        R21: -0.7745147943496704
        R22: -0.2650458812713623
    Position:
        X: 0.011119961738586426
        "Y": -0.29415154457092285
        Z: 0.4057043790817261
Capabilities: ""
ClassName: Attachment
Name: LeftGripAttachment
Orientation:
    X: 51.21818542480469
    "Y": -115.033935546875
    Z: 106.5543212890625
Parent: LeftHand
Position:
    X: 0.011119961738586426
    "Y": -0.29415154457092285
    Z: 0.4057043790817261
Sandboxed: false
SecondaryAxis:
    X: 0.6068587303161621
    "Y": -0.1784641146659851
    Z: -0.7745147943496704
Visible: false
WorldAxis:
    X: -0.5564615726470947
    "Y": 0.6003939509391785
    Z: -0.5743497610092163
WorldCFrame:
    Orientation:
        R00: -0.5564615726470947
        R01: 0.6068587303161621
        R02: -0.5675148367881775
        R10: 0.6003939509391785
        R11: -0.1784641146659851
        R12: -0.7795368432998657
        R20: -0.5743497610092163
        R21: -0.7745147943496704
        R22: -0.2650458812713623
    Position:
        X: -68.02629089355469
        "Y": 13.454656600952148
        Z: 125.46713256835938
WorldOrientation:
    X: 51.21818542480469
    "Y": -115.033935546875
    Z: 106.5543212890625
WorldPosition:
    X: -68.02629089355469
    "Y": 13.454656600952148
    Z: 125.46713256835938
WorldSecondaryAxis:
    X: 0.6068587303161621
    "Y": -0.1784641146659851
    Z: -0.7745147943496704
