WorldPosition:
  Y: 10.636780738830566
  X: -65.84467315673828
  Z: 125.93242645263672
WorldOrientation:
  Y: 0
  X: 0
  Z: 0
CFrame:
  Orientation:
    R11: 1
    R01: 0
    R21: 0
    R22: 1
    R20: 0
    R00: 1
    R10: 0
    R02: 0
    R12: 0
  Position:
    Y: 0.0077152252197265625
    X: 0.035928428173065186
    Z: 0.259488582611084
WorldSecondaryAxis:
  Y: 1
  X: 0
  Z: 0
SecondaryAxis:
  Y: 1
  X: 0
  Z: 0
WorldCFrame:
  Orientation:
    R11: 1
    R01: 0
    R21: 0
    R22: 1
    R20: 0
    R00: 1
    R10: 0
    R02: 0
    R12: 0
  Position:
    Y: 10.636780738830566
    X: -65.84467315673828
    Z: 125.93242645263672
Archivable: true
Capabilities: ''
Sandboxed: false
ClassName: Attachment
Visible: false
Name: RightAnkleRigAttachment
WorldAxis:
  Y: 0
  X: 1
  Z: 0
Orientation:
  Y: 0
  X: 0
  Z: 0
Position:
  Y: 0.0077152252197265625
  X: 0.035928428173065186
  Z: 0.259488582611084
Parent: RightFoot
Axis:
  Y: 0
  X: 1
  Z: 0
