Archivable: true
Axis:
    X: 1
    "Y": 0
    Z: 0
CFrame:
    Orientation:
        R00: 1
        R01: 0
        R02: 0
        R10: 0
        R11: 1
        R12: 0
        R20: 0
        R21: 0
        R22: 1
    Position:
        X: -0.3902888298034668
        "Y": -0.5635433197021484
        Z: -0.16185009479522705
Capabilities: ""
ClassName: Attachment
Name: LeftElbowRigAttachment
Orientation:
    X: 0
    "Y": 0
    Z: 0
Parent: LeftUpperArm
Position:
    X: -0.3902888298034668
    "Y": -0.5635433197021484
    Z: -0.16185009479522705
Sandboxed: false
SecondaryAxis:
    X: 0
    "Y": 1
    Z: 0
Visible: false
WorldAxis:
    X: 1
    "Y": 0
    Z: 0
WorldCFrame:
    Orientation:
        R00: 1
        R01: 0
        R02: 0
        R10: 0
        R11: 1
        R12: 0
        R20: 0
        R21: 0
        R22: 1
    Position:
        X: -67.5869140625
        "Y": 14.508084297180176
        Z: 125.77491760253906
WorldOrientation:
    X: 0
    "Y": 0
    Z: 0
WorldPosition:
    X: -67.5869140625
    "Y": 14.508084297180176
    Z: 125.77491760253906
WorldSecondaryAxis:
    X: 0
    "Y": 1
    Z: 0
