WorldPosition:
  Y: 8.940232276916504
  X: -54.10238265991211
  Z: 125.56623077392578
WorldOrientation:
  Y: 0
  X: 0
  Z: 0
CFrame:
  Orientation:
    R11: 1
    R01: 0
    R21: 0
    R22: 1
    R20: 0
    R00: 1
    R10: 0
    R02: 0
    R12: 0
  Position:
    Y: 0.10712718963623047
    X: 0.07003438472747803
    Z: 0.36052921414375305
WorldSecondaryAxis:
  Y: 1
  X: 0
  Z: 0
SecondaryAxis:
  Y: 1
  X: 0
  Z: 0
WorldCFrame:
  Orientation:
    R11: 1
    R01: 0
    R21: 0
    R22: 1
    R20: 0
    R00: 1
    R10: 0
    R02: 0
    R12: 0
  Position:
    Y: 8.940232276916504
    X: -54.10238265991211
    Z: 125.56623077392578
Archivable: true
Capabilities: ''
Sandboxed: false
ClassName: Attachment
Visible: false
Name: LeftWristRigAttachment
WorldAxis:
  Y: 0
  X: 1
  Z: 0
Orientation:
  Y: 0
  X: 0
  Z: 0
Position:
  Y: 0.10712718963623047
  X: 0.07003438472747803
  Z: 0.36052921414375305
Parent: LeftHand
Axis:
  Y: 0
  X: 1
  Z: 0
