Archivable: true
Axis:
    X: 1
    "Y": 0
    Z: 0
CFrame:
    Orientation:
        R00: 1
        R01: 0
        R02: 0
        R10: 0
        R11: 1
        R12: 0
        R20: 0
        R21: 0
        R22: 1
    Position:
        X: -0.16048872470855713
        "Y": 0.16954922676086426
        Z: 0.14153195917606354
Capabilities: ""
ClassName: Attachment
Name: RightElbowRigAttachment
Orientation:
    X: 0
    "Y": 0
    Z: 0
Parent: RightLowerArm
Position:
    X: -0.16048872470855713
    "Y": 0.16954922676086426
    Z: 0.14153195917606354
Sandboxed: false
SecondaryAxis:
    X: 0
    "Y": 1
    Z: 0
Visible: false
WorldAxis:
    X: 1
    "Y": 0
    Z: 0
WorldCFrame:
    Orientation:
        R00: 1
        R01: 0
        R02: 0
        R10: 0
        R11: 1
        R12: 0
        R20: 0
        R21: 0
        R22: 1
    Position:
        X: -65.09180450439453
        "Y": 14.555068969726562
        Z: 125.80651092529297
WorldOrientation:
    X: 0
    "Y": 0
    Z: 0
WorldPosition:
    X: -65.09180450439453
    "Y": 14.555068969726562
    Z: 125.80651092529297
WorldSecondaryAxis:
    X: 0
    "Y": 1
    Z: 0
