Archivable: true
C0:
    Orientation:
        R00: 1
        R01: 0
        R02: 0
        R10: 0
        R11: 1
        R12: 0
        R20: 0
        R21: 0
        R22: 1
    Position:
        X: -0.3902888298034668
        "Y": -0.5635433197021484
        Z: -0.16185009479522705
C1:
    Orientation:
        R00: 1
        R01: 0
        R02: 0
        R10: 0
        R11: 1
        R12: 0
        R20: 0
        R21: 0
        R22: 1
    Position:
        X: 0.18454861640930176
        "Y": 0.12256336212158203
        Z: 0.10994327813386917
Capabilities: ""
ClassName: Motor6D
CurrentAngle: 0
DesiredAngle: 0
Enabled: true
MaxVelocity: 0
Name: LeftElbow
Parent: LeftLowerArm
Part0: LeftUpperArm
Part1: LeftLowerArm
Sandboxed: false
Transform:
    Orientation:
        R00: 1
        R01: 0
        R02: 0
        R10: 0
        R11: 1
        R12: 0
        R20: 0
        R21: 0
        R22: 1
    Position:
        X: 0
        "Y": 0
        Z: 0
