Archivable: true
Axis:
    X: 1
    "Y": 0
    Z: 0
CFrame:
    Orientation:
        R00: 1
        R01: 0
        R02: 0
        R10: 0
        R11: 1
        R12: 0
        R20: 0
        R21: 0
        R22: 1
    Position:
        X: -0.03050294518470764
        "Y": 0.40156519412994385
        Z: -0.04403972253203392
Capabilities: ""
ClassName: Attachment
Name: RightHipRigAttachment
Orientation:
    X: 0
    "Y": 0
    Z: 0
Parent: RightUpperLeg
Position:
    X: -0.03050294518470764
    "Y": 0.40156519412994385
    Z: -0.04403972253203392
Sandboxed: false
SecondaryAxis:
    X: 0
    "Y": 1
    Z: 0
Visible: false
WorldAxis:
    X: 1
    "Y": 0
    Z: 0
WorldCFrame:
    Orientation:
        R00: 1
        R01: 0
        R02: 0
        R10: 0
        R11: 1
        R12: 0
        R20: 0
        R21: 0
        R22: 1
    Position:
        X: -65.85509490966797
        "Y": 13.375021934509277
        Z: 125.65074157714844
WorldOrientation:
    X: 0
    "Y": 0
    Z: 0
WorldPosition:
    X: -65.85509490966797
    "Y": 13.375021934509277
    Z: 125.65074157714844
WorldSecondaryAxis:
    X: 0
    "Y": 1
    Z: 0
