Archivable: true
Axis:
    X: 0.9999998807907104
    "Y": 8.129772322718054e-05
    Z: 0.0005526766180992126
CFrame:
    Orientation:
        R00: 0.9999998807907104
        R01: -7.501698564738035e-05
        R02: -0.0005535641103051603
        R10: 8.129772322718054e-05
        R11: 0.9999355673789978
        R12: 0.011354704387485981
        R20: 0.0005526766180992126
        R21: -0.011354747228324413
        R22: 0.9999354481697083
    Position:
        X: -0.002229664009064436
        "Y": 0.16761517524719238
        Z: -0.4295122027397156
Capabilities: ""
ClassName: Attachment
Name: FaceCenterAttachment
Orientation:
    X: -0.6505905985832214
    "Y": -0.03171893209218979
    Z: 0.004658316262066364
Parent: Head
Position:
    X: -0.002229664009064436
    "Y": 0.16761517524719238
    Z: -0.4295122027397156
Sandboxed: false
SecondaryAxis:
    X: -7.501698564738035e-05
    "Y": 0.9999355673789978
    Z: -0.011354747228324413
Visible: false
WorldAxis:
    X: 0.9999998807907104
    "Y": 8.129772322718054e-05
    Z: 0.0005526766180992126
WorldCFrame:
    Orientation:
        R00: 0.9999998807907104
        R01: -7.501698564738035e-05
        R02: -0.0005535641103051603
        R10: 8.129772322718054e-05
        R11: 0.9999355673789978
        R12: 0.011354704387485981
        R20: 0.0005526766180992126
        R21: -0.011354747228324413
        R22: 0.9999354481697083
    Position:
        X: -66.3536148071289
        "Y": 16.30736541748047
        Z: 125.48238372802734
WorldOrientation:
    X: -0.6505905985832214
    "Y": -0.03171893209218979
    Z: 0.004658316262066364
WorldPosition:
    X: -66.3536148071289
    "Y": 16.30736541748047
    Z: 125.48238372802734
WorldSecondaryAxis:
    X: -7.501698564738035e-05
    "Y": 0.9999355673789978
    Z: -0.011354747228324413
