Archivable: true
Axis:
    X: 1
    "Y": 0
    Z: 0
CFrame:
    Orientation:
        R00: 1
        R01: 0
        R02: 0
        R10: 0
        R11: 1
        R12: 0
        R20: 0
        R21: 0
        R22: 1
    Position:
        X: 0.08007350564002991
        "Y": 0.4015650749206543
        Z: -0.04403970390558243
Capabilities: ""
ClassName: Attachment
Name: LeftHipRigAttachment
Orientation:
    X: 0
    "Y": 0
    Z: 0
Parent: LeftUpperLeg
Position:
    X: 0.08007350564002991
    "Y": 0.4015650749206543
    Z: -0.04403970390558243
Sandboxed: false
SecondaryAxis:
    X: 0
    "Y": 1
    Z: 0
Visible: false
WorldAxis:
    X: 1
    "Y": 0
    Z: 0
WorldCFrame:
    Orientation:
        R00: 1
        R01: 0
        R02: 0
        R10: 0
        R11: 1
        R12: 0
        R20: 0
        R21: 0
        R22: 1
    Position:
        X: -66.79811096191406
        "Y": 13.375020980834961
        Z: 125.65074157714844
WorldOrientation:
    X: 0
    "Y": 0
    Z: 0
WorldPosition:
    X: -66.79811096191406
    "Y": 13.375020980834961
    Z: 125.65074157714844
WorldSecondaryAxis:
    X: 0
    "Y": 1
    Z: 0
