Archivable: true
Axis:
    X: 1
    "Y": 0.0002913466014433652
    Z: -6.529141046485165e-06
CFrame:
    Orientation:
        R00: 1
        R01: -0.0002886552538257092
        R02: 4.004538641311228e-05
        R10: 0.0002913466014433652
        R11: 0.993343710899353
        R12: -0.11518824845552444
        R20: -6.529141046485165e-06
        R21: 0.11518824845552444
        R22: 0.9933437705039978
    Position:
        X: -2.3107802917365916e-05
        "Y": 0.0802125483751297
        Z: 0.40518999099731445
Capabilities: ""
ClassName: Attachment
Name: WaistBackAttachment
Orientation:
    X: 6.614482879638672
    "Y": 0.002309806179255247
    Z: 0.016804788261651993
Parent: LowerTorso
Position:
    X: -2.3107802917365916e-05
    "Y": 0.0802125483751297
    Z: 0.40518999099731445
Sandboxed: false
SecondaryAxis:
    X: -0.0002886552538257092
    "Y": 0.993343710899353
    Z: 0.11518824845552444
Visible: false
WorldAxis:
    X: 1
    "Y": 0.0002913466014433652
    Z: -6.529141046485165e-06
WorldCFrame:
    Orientation:
        R00: 1
        R01: -0.0002886552538257092
        R02: 4.004538641311228e-05
        R10: 0.0002913466014433652
        R11: 0.993343710899353
        R12: -0.11518824845552444
        R20: -6.529141046485165e-06
        R21: 0.11518824845552444
        R22: 0.9933437705039978
    Position:
        X: -66.35140991210938
        "Y": 13.713484764099121
        Z: 126.2625961303711
WorldOrientation:
    X: 6.614482879638672
    "Y": 0.002309806179255247
    Z: 0.016804788261651993
WorldPosition:
    X: -66.35140991210938
    "Y": 13.713484764099121
    Z: 126.2625961303711
WorldSecondaryAxis:
    X: -0.0002886552538257092
    "Y": 0.993343710899353
    Z: 0.11518824845552444
