WorldPosition:
  Y: 15.670719146728516
  X: -65.74711608886719
  Z: 125.42089080810547
WorldOrientation:
  Y: 22.16326904296875
  X: -32.00421905517578
  Z: -152.16893005371094
CFrame:
  Orientation:
    R11: -0.7499182224273682
    R01: 0.6091779470443726
    R21: 0.2579244077205658
    R22: 0.7853519320487976
    R20: 0.56275874376297
    R00: -0.7256448864936829
    R10: -0.3959067165851593
    R02: 0.3199090361595154
    R12: 0.5299817323684692
  Position:
    Y: 0.599092960357666
    X: -0.2409658432006836
    Z: -0.5158765316009521
WorldSecondaryAxis:
  Y: -0.7499182224273682
  X: 0.6091779470443726
  Z: 0.2579244077205658
SecondaryAxis:
  Y: -0.7499182224273682
  X: 0.6091779470443726
  Z: 0.2579244077205658
WorldCFrame:
  Orientation:
    R11: -0.7499182224273682
    R01: 0.6091779470443726
    R21: 0.2579244077205658
    R22: 0.7853519320487976
    R20: 0.56275874376297
    R00: -0.7256448864936829
    R10: -0.3959067165851593
    R02: 0.3199090361595154
    R12: 0.5299817323684692
  Position:
    Y: 15.670719146728516
    X: -65.74711608886719
    Z: 125.42089080810547
Archivable: true
Capabilities: ''
Sandboxed: false
ClassName: Attachment
Visible: false
Name: RightShoulderAttachment
WorldAxis:
  Y: -0.3959067165851593
  X: -0.7256448864936829
  Z: 0.56275874376297
Orientation:
  Y: 22.16326904296875
  X: -32.00421905517578
  Z: -152.16893005371094
Position:
  Y: 0.599092960357666
  X: -0.2409658432006836
  Z: -0.5158765316009521
Parent: RightUpperArm
Axis:
  Y: -0.3959067165851593
  X: -0.7256448864936829
  Z: 0.56275874376297
