WorldPosition:
  Y: 14.555068969726562
  X: -65.09180450439453
  Z: 125.80650329589844
WorldOrientation:
  Y: 0
  X: 0
  Z: 0
CFrame:
  Orientation:
    R11: 1
    R01: 0
    R21: 0
    R22: 1
    R20: 0
    R00: 1
    R10: 0
    R02: 0
    R12: 0
  Position:
    Y: -0.5165572166442871
    X: 0.4143468141555786
    Z: -0.1302614063024521
WorldSecondaryAxis:
  Y: 1
  X: 0
  Z: 0
SecondaryAxis:
  Y: 1
  X: 0
  Z: 0
WorldCFrame:
  Orientation:
    R11: 1
    R01: 0
    R21: 0
    R22: 1
    R20: 0
    R00: 1
    R10: 0
    R02: 0
    R12: 0
  Position:
    Y: 14.555068969726562
    X: -65.09180450439453
    Z: 125.80650329589844
Archivable: true
Capabilities: ''
Sandboxed: false
ClassName: Attachment
Visible: false
Name: RightElbowRigAttachment
WorldAxis:
  Y: 0
  X: 1
  Z: 0
Orientation:
  Y: 0
  X: 0
  Z: 0
Position:
  Y: -0.5165572166442871
  X: 0.4143468141555786
  Z: -0.1302614063024521
Parent: RightUpperArm
Axis:
  Y: 0
  X: 1
  Z: 0
