WorldPosition:
  Y: 8.554736137390137
  X: -52.48638916015625
  Z: 125.82928466796875
WorldOrientation:
  Y: 0
  X: 0
  Z: 0
CFrame:
  Orientation:
    R11: 1
    R01: 0
    R21: 0
    R22: 1
    R20: 0
    R00: 1
    R10: 0
    R02: 0
    R12: 0
  Position:
    Y: -0.16283303499221802
    X: -9.5367431640625e-07
    Z: -0.17239761352539062
WorldSecondaryAxis:
  Y: 1
  X: 0
  Z: 0
SecondaryAxis:
  Y: 1
  X: 0
  Z: 0
WorldCFrame:
  Orientation:
    R11: 1
    R01: 0
    R21: 0
    R22: 1
    R20: 0
    R00: 1
    R10: 0
    R02: 0
    R12: 0
  Position:
    Y: 8.554736137390137
    X: -52.48638916015625
    Z: 125.82928466796875
Archivable: true
Capabilities: ''
Sandboxed: false
ClassName: Attachment
Visible: false
Name: RootRigAttachment
WorldAxis:
  Y: 0
  X: 1
  Z: 0
Orientation:
  Y: 0
  X: 0
  Z: 0
Position:
  Y: -0.16283303499221802
  X: -9.5367431640625e-07
  Z: -0.17239761352539062
Parent: LowerTorso
Axis:
  Y: 0
  X: 1
  Z: 0
