WorldPosition:
  Y: 11.302892684936523
  X: -66.48861694335938
  Z: 125.62665557861328
WorldOrientation:
  Y: -0.03171893209218979
  X: -0.6505905985832214
  Z: 0.004658316262066364
CFrame:
  Orientation:
    R11: 0.9999355673789978
    R01: -7.501698564738035e-05
    R21: -0.011354747228324413
    R22: 0.9999354481697083
    R20: 0.0005526766180992126
    R00: 0.9999998807907104
    R10: 8.129772322718054e-05
    R02: -0.0005535641103051603
    R12: 0.011354704387485981
  Position:
    Y: 0.16761517524719238
    X: -0.002229664009064436
    Z: -0.4295122027397156
WorldSecondaryAxis:
  Y: 0.9999355673789978
  X: -7.501698564738035e-05
  Z: -0.011354747228324413
SecondaryAxis:
  Y: 0.9999355673789978
  X: -7.501698564738035e-05
  Z: -0.011354747228324413
WorldCFrame:
  Orientation:
    R11: 0.9999355673789978
    R01: -7.501698564738035e-05
    R21: -0.011354747228324413
    R22: 0.9999354481697083
    R20: 0.0005526766180992126
    R00: 0.9999998807907104
    R10: 8.129772322718054e-05
    R02: -0.0005535641103051603
    R12: 0.011354704387485981
  Position:
    Y: 11.302892684936523
    X: -66.48861694335938
    Z: 125.62665557861328
Archivable: true
Capabilities: ''
Sandboxed: false
ClassName: Attachment
Visible: false
Name: FaceCenterAttachment
WorldAxis:
  Y: 8.129772322718054e-05
  X: 0.9999998807907104
  Z: 0.0005526766180992126
Orientation:
  Y: -0.03171893209218979
  X: -0.6505905985832214
  Z: 0.004658316262066364
Position:
  Y: 0.16761517524719238
  X: -0.002229664009064436
  Z: -0.4295122027397156
Parent: Head
Axis:
  Y: 8.129772322718054e-05
  X: 0.9999998807907104
  Z: 0.0005526766180992126
