Archivable: true
C0:
    Orientation:
        R00: 1
        R01: 0
        R02: 0
        R10: 0
        R11: 1
        R12: 0
        R20: 0
        R21: 0
        R22: 1
    Position:
        X: 0.4143468141555786
        "Y": -0.5165572166442871
        Z: -0.1302614063024521
C1:
    Orientation:
        R00: 1
        R01: 0
        R02: 0
        R10: 0
        R11: 1
        R12: 0
        R20: 0
        R21: 0
        R22: 1
    Position:
        X: -0.16048872470855713
        "Y": 0.16954922676086426
        Z: 0.14153195917606354
Capabilities: ""
ClassName: Motor6D
CurrentAngle: 0
DesiredAngle: 0
Enabled: true
MaxVelocity: 0
Name: RightElbow
Parent: RightLowerArm
Part0: RightUpperArm
Part1: RightLowerArm
Sandboxed: false
Transform:
    Orientation:
        R00: 1
        R01: 0
        R02: 0
        R10: 0
        R11: 1
        R12: 0
        R20: 0
        R21: 0
        R22: 1
    Position:
        X: 0
        "Y": 0
        Z: 0
