WorldPosition:
  Y: 13.503554344177246
  X: -64.6706771850586
  Z: 125.50799560546875
WorldOrientation:
  Y: 133.87332153320312
  X: 51.51606750488281
  Z: -95.99425506591797
CFrame:
  Orientation:
    R11: -0.06498553603887558
    R01: -0.7482046484947205
    R21: -0.660277783870697
    R22: -0.4312918484210968
    R20: 0.6148338317871094
    R00: -0.4888262450695038
    R10: -0.6188927888870239
    R02: 0.4485964775085449
    R12: -0.7827826738357544
  Position:
    Y: -0.2452537715435028
    X: -0.005314826965332031
    Z: 0.44656145572662354
WorldSecondaryAxis:
  Y: -0.06498553603887558
  X: -0.7482046484947205
  Z: -0.660277783870697
SecondaryAxis:
  Y: -0.06498553603887558
  X: -0.7482046484947205
  Z: -0.660277783870697
WorldCFrame:
  Orientation:
    R11: -0.06498553603887558
    R01: -0.7482046484947205
    R21: -0.660277783870697
    R22: -0.4312918484210968
    R20: 0.6148338317871094
    R00: -0.4888262450695038
    R10: -0.6188927888870239
    R02: 0.4485964775085449
    R12: -0.7827826738357544
  Position:
    Y: 13.503554344177246
    X: -64.6706771850586
    Z: 125.50799560546875
Archivable: true
Capabilities: ''
Sandboxed: false
ClassName: Attachment
Visible: false
Name: RightGripAttachment
WorldAxis:
  Y: -0.6188927888870239
  X: -0.4888262450695038
  Z: 0.6148338317871094
Orientation:
  Y: 133.87332153320312
  X: 51.51606750488281
  Z: -95.99425506591797
Position:
  Y: -0.2452537715435028
  X: -0.005314826965332031
  Z: 0.44656145572662354
Parent: RightHand
Axis:
  Y: -0.6188927888870239
  X: -0.4888262450695038
  Z: 0.6148338317871094
